dCO2	= [330	150	300	325	650	175	350	335	175	400	349	405	400	350	325	325	150	300	325	650	350	350	350	350	350	350	360	340	250	400	1100	325	650	325	650];
Promedio =	[1	1	1	1	1	0.84	1.15	1.2975	1.2	1	1.296666667	1.383333333	1	1.56	1	1	1	2.22	1.225	1.16	1.6	1	1.18	1	3.026666667	1.165	1.17	1	1	1.22	1.66	3.5	3.333333333	4	4];

fp2 = @(X) X*X*(-2.915e-06) + X*0.004674 + 0.2552;
fp2 = @(X) X*X*(-3.689e-06) + X*0.005678;

FcuaP2 = @(T,X) exp(-(((T-25)^2)/100)) + X*X*(-3.689e-06) + X*0.005678;
FcuaP2 = @(T,X) exp(-(((T-25)^2)/100)) + X*X*(-2.915e-06) + X*0.004674;