b=[
vd(1)*(1+pa) 
vd(1)*(-1)*(1-pa)
vd(2)*(1+pa) 
vd(2)*(-1)*(1-pa)
vd(3)*(1+pa) 
vd(3)*(-1)*(1-pa)
vd(4)*(1+pa) 
vd(4)*(-1)*(1-pa)
vd(5)*(1+pa) 
vd(5)*(-1)*(1-pa)
vd(6)*(1+pa) 
vd(6)*(-1)*(1-pa)
vd(7)*(1+pa) 
vd(7)*(-1)*(1-pa)
vd(8)*(1+pa) 
vd(8)*(-1)*(1-pa)
vd(9)*(1+pa) 
vd(9)*(-1)*(1-pa)
vd(10)*(1+pa) 
vd(10)*(-1)*(1-pa)
vd(11)*(1+pa) 
vd(11)*(-1)*(1-pa)
vd(12)*(1+pa) 
vd(12)*(-1)*(1-pa)
0
0
0
0
0
0
0
0
0
0
0
0
0
0
0
0
0
0
0
0
0
0
0
0
0
0
0
0
0
0
0
0
0
0
0
0
0
0
0
0
0
0
0
0
0
0
0
0
0
0
0
0
0
0
0
0
0
0
0
0
0
0
0
0
0
0
0
0
0
0
0
0];
